"","transaction_date","house_age","distance_mrt","n_convenience_stores","latitude","longitude","price_unit_area"
"transaction_date",1,0.0175423411669225,0.0608800947329705,0.00954419905333888,0.0350163052656757,-0.0410650779031271,0.0875292716972598
"house_age",0.0175423411669225,1,0.025622047362741,0.0495925129239638,0.0544199019601162,-0.0485200533853686,-0.210567046277217
"distance_mrt",0.0608800947329705,0.025622047362741,1,-0.602519144722625,-0.591066572987475,-0.806316769569376,-0.673612855368918
"n_convenience_stores",0.00954419905333888,0.0495925129239638,-0.602519144722625,1,0.444143305652483,0.449099007353269,0.571004911111148
"latitude",0.0350163052656757,0.0544199019601162,-0.591066572987475,0.444143305652483,1,0.412923944759468,0.546306652503604
"longitude",-0.0410650779031271,-0.0485200533853686,-0.806316769569376,0.449099007353269,0.412923944759468,1,0.523286507028757
"price_unit_area",0.0875292716972598,-0.210567046277217,-0.673612855368918,0.571004911111148,0.546306652503604,0.523286507028757,1
